Rolls: 7, 1, 35, 3, 35, 9, 37, 6, 2, 9, 4, 5, 33, 19, 7, 14, 28, 9, 2, 34, 16, 21, 21, 28, 20, 17, 29, 9, 9, 40, 42, 40, 42, 35, 26, 1, 5, 44, 18, 33, 13, 22, 2, 5, 11, 36, 23, 44, 4, 24, 32, 11, 34, 6, 40, 16, 7, 25, 30, 18, 27, 44, 42, 21, 27, 39, 1, 4, 15, 2, 26, 39, 44, 30, 43, 27, 6, 41, 5, 44, 12, 7, 35, 21, 12, 18, 44, 16, 25, 4, 13, 12, 21, 20, 43, 28, 5, 36, 26, 3, 10, 11, 31, 4, 38, 22, 26, 6, 16, 3 Total: 2293 Average: 20.845454545454544
------------------------------
Rolls: 3, 2, 3 Total: 8 Average: 2.6666666666666665
------------------------------
Rolls: 1, 1, 1 Total: 3 Average: 1.0
------------------------------
Rolls: 1, 2, 1 Total: 4 Average: 1.3333333333333333
------------------------------
Rolls: 3, 2, 3 Total: 8 Average: 2.6666666666666665
------------------------------
Rolls: 3, 3, 3 Total: 9 Average: 3.0
------------------------------
Rolls: 4, 2, 1, 2, 4, 4, 4, 4, 3, 2 Total: 30 Average: 3.0
------------------------------
